date_id,grid_id,year,month,vpd
"[1, 2015, 01]",1,2015,1.0,
"[2, 2015, 01]",2,2015,1.0,
"[3, 2015, 01]",3,2015,1.0,
"[4, 2015, 01]",4,2015,1.0,
"[5, 2015, 01]",5,2015,1.0,
"[6, 2015, 01]",6,2015,1.0,
"[7, 2015, 01]",7,2015,1.0,
"[8, 2015, 01]",8,2015,1.0,
"[9, 2015, 01]",9,2015,1.0,
"[10, 2015, 01]",10,2015,1.0,
"[11, 2015, 01]",11,2015,1.0,
"[12, 2015, 01]",12,2015,1.0,
"[13, 2015, 01]",13,2015,1.0,
"[14, 2015, 01]",14,2015,1.0,
"[15, 2015, 01]",15,2015,1.0,
"[16, 2015, 01]",16,2015,1.0,
"[17, 2015, 01]",17,2015,1.0,
"[18, 2015, 01]",18,2015,1.0,
"[19, 2015, 01]",19,2015,1.0,
"[20, 2015, 01]",20,2015,1.0,
"[21, 2015, 01]",21,2015,1.0,
"[22, 2015, 01]",22,2015,1.0,
"[23, 2015, 01]",23,2015,1.0,
"[24, 2015, 01]",24,2015,1.0,
"[25, 2015, 01]",25,2015,1.0,
"[26, 2015, 01]",26,2015,1.0,
"[27, 2015, 01]",27,2015,1.0,
"[28, 2015, 01]",28,2015,1.0,
"[29, 2015, 01]",29,2015,1.0,
"[30, 2015, 01]",30,2015,1.0,
"[31, 2015, 01]",31,2015,1.0,
"[32, 2015, 01]",32,2015,1.0,
"[33, 2015, 01]",33,2015,1.0,
"[34, 2015, 01]",34,2015,1.0,
"[35, 2015, 01]",35,2015,1.0,
"[36, 2015, 01]",36,2015,1.0,
"[37, 2015, 01]",37,2015,1.0,
"[38, 2015, 01]",38,2015,1.0,
"[39, 2015, 01]",39,2015,1.0,
"[40, 2015, 01]",40,2015,1.0,
"[41, 2015, 01]",41,2015,1.0,
"[42, 2015, 01]",42,2015,1.0,
"[43, 2015, 01]",43,2015,1.0,
"[44, 2015, 01]",44,2015,1.0,
"[45, 2015, 01]",45,2015,1.0,
"[46, 2015, 01]",46,2015,1.0,
"[47, 2015, 01]",47,2015,1.0,
"[48, 2015, 01]",48,2015,1.0,
"[49, 2015, 01]",49,2015,1.0,
"[50, 2015, 01]",50,2015,1.0,
"[51, 2015, 01]",51,2015,1.0,
"[52, 2015, 01]",52,2015,1.0,
"[53, 2015, 01]",53,2015,1.0,
"[54, 2015, 01]",54,2015,1.0,
"[55, 2015, 01]",55,2015,1.0,
"[56, 2015, 01]",56,2015,1.0,
"[57, 2015, 01]",57,2015,1.0,
"[58, 2015, 01]",58,2015,1.0,
"[59, 2015, 01]",59,2015,1.0,
"[60, 2015, 01]",60,2015,1.0,
"[61, 2015, 01]",61,2015,1.0,
"[62, 2015, 01]",62,2015,1.0,
"[63, 2015, 01]",63,2015,1.0,
"[64, 2015, 01]",64,2015,1.0,
"[65, 2015, 01]",65,2015,1.0,
"[66, 2015, 01]",66,2015,1.0,
"[67, 2015, 01]",67,2015,1.0,
"[68, 2015, 01]",68,2015,1.0,
"[69, 2015, 01]",69,2015,1.0,
"[70, 2015, 01]",70,2015,1.0,
"[71, 2015, 01]",71,2015,1.0,
"[72, 2015, 01]",72,2015,1.0,
"[73, 2015, 01]",73,2015,1.0,
"[74, 2015, 01]",74,2015,1.0,
"[75, 2015, 01]",75,2015,1.0,
"[76, 2015, 01]",76,2015,1.0,
"[77, 2015, 01]",77,2015,1.0,
"[78, 2015, 01]",78,2015,1.0,
"[79, 2015, 01]",79,2015,1.0,
"[80, 2015, 01]",80,2015,1.0,
"[81, 2015, 01]",81,2015,1.0,
"[82, 2015, 01]",82,2015,1.0,
"[83, 2015, 01]",83,2015,1.0,
"[84, 2015, 01]",84,2015,1.0,
"[85, 2015, 01]",85,2015,1.0,
"[86, 2015, 01]",86,2015,1.0,
"[87, 2015, 01]",87,2015,1.0,
"[88, 2015, 01]",88,2015,1.0,
"[89, 2015, 01]",89,2015,1.0,
"[90, 2015, 01]",90,2015,1.0,
"[91, 2015, 01]",91,2015,1.0,
"[92, 2015, 01]",92,2015,1.0,
"[93, 2015, 01]",93,2015,1.0,
"[94, 2015, 01]",94,2015,1.0,
"[95, 2015, 01]",95,2015,1.0,
"[96, 2015, 01]",96,2015,1.0,
"[97, 2015, 01]",97,2015,1.0,
"[98, 2015, 01]",98,2015,1.0,
"[99, 2015, 01]",99,2015,1.0,
"[100, 2015, 01]",100,2015,1.0,
"[101, 2015, 01]",101,2015,1.0,
"[102, 2015, 01]",102,2015,1.0,
"[103, 2015, 01]",103,2015,1.0,
"[104, 2015, 01]",104,2015,1.0,
"[105, 2015, 01]",105,2015,1.0,
"[106, 2015, 01]",106,2015,1.0,
"[107, 2015, 01]",107,2015,1.0,
"[108, 2015, 01]",108,2015,1.0,
"[109, 2015, 01]",109,2015,1.0,
"[110, 2015, 01]",110,2015,1.0,
"[111, 2015, 01]",111,2015,1.0,
"[112, 2015, 01]",112,2015,1.0,
"[113, 2015, 01]",113,2015,1.0,
"[114, 2015, 01]",114,2015,1.0,
"[115, 2015, 01]",115,2015,1.0,
"[116, 2015, 01]",116,2015,1.0,
"[117, 2015, 01]",117,2015,1.0,
"[118, 2015, 01]",118,2015,1.0,
"[119, 2015, 01]",119,2015,1.0,
"[120, 2015, 01]",120,2015,1.0,
"[121, 2015, 01]",121,2015,1.0,
"[122, 2015, 01]",122,2015,1.0,
"[123, 2015, 01]",123,2015,1.0,
"[124, 2015, 01]",124,2015,1.0,
"[125, 2015, 01]",125,2015,1.0,
"[126, 2015, 01]",126,2015,1.0,
"[127, 2015, 01]",127,2015,1.0,
"[128, 2015, 01]",128,2015,1.0,
"[129, 2015, 01]",129,2015,1.0,
"[130, 2015, 01]",130,2015,1.0,
"[131, 2015, 01]",131,2015,1.0,
"[132, 2015, 01]",132,2015,1.0,
"[133, 2015, 01]",133,2015,1.0,
"[134, 2015, 01]",134,2015,1.0,
"[135, 2015, 01]",135,2015,1.0,
"[136, 2015, 01]",136,2015,1.0,
"[137, 2015, 01]",137,2015,1.0,
"[138, 2015, 01]",138,2015,1.0,
"[139, 2015, 01]",139,2015,1.0,
"[140, 2015, 01]",140,2015,1.0,
"[141, 2015, 01]",141,2015,1.0,
"[142, 2015, 01]",142,2015,1.0,
"[143, 2015, 01]",143,2015,1.0,
"[1, 2015, 02]",1,2015,2.0,
"[2, 2015, 02]",2,2015,2.0,
"[3, 2015, 02]",3,2015,2.0,
"[4, 2015, 02]",4,2015,2.0,
"[5, 2015, 02]",5,2015,2.0,
"[6, 2015, 02]",6,2015,2.0,
"[7, 2015, 02]",7,2015,2.0,
"[8, 2015, 02]",8,2015,2.0,
"[9, 2015, 02]",9,2015,2.0,
"[10, 2015, 02]",10,2015,2.0,
"[11, 2015, 02]",11,2015,2.0,
"[12, 2015, 02]",12,2015,2.0,
"[13, 2015, 02]",13,2015,2.0,
"[14, 2015, 02]",14,2015,2.0,
"[15, 2015, 02]",15,2015,2.0,
"[16, 2015, 02]",16,2015,2.0,
"[17, 2015, 02]",17,2015,2.0,
"[18, 2015, 02]",18,2015,2.0,
"[19, 2015, 02]",19,2015,2.0,
"[20, 2015, 02]",20,2015,2.0,
"[21, 2015, 02]",21,2015,2.0,
"[22, 2015, 02]",22,2015,2.0,
"[23, 2015, 02]",23,2015,2.0,
"[24, 2015, 02]",24,2015,2.0,
"[25, 2015, 02]",25,2015,2.0,
"[26, 2015, 02]",26,2015,2.0,
"[27, 2015, 02]",27,2015,2.0,
"[28, 2015, 02]",28,2015,2.0,
"[29, 2015, 02]",29,2015,2.0,
"[30, 2015, 02]",30,2015,2.0,
"[31, 2015, 02]",31,2015,2.0,
"[32, 2015, 02]",32,2015,2.0,
"[33, 2015, 02]",33,2015,2.0,
"[34, 2015, 02]",34,2015,2.0,
"[35, 2015, 02]",35,2015,2.0,
"[36, 2015, 02]",36,2015,2.0,
"[37, 2015, 02]",37,2015,2.0,
"[38, 2015, 02]",38,2015,2.0,
"[39, 2015, 02]",39,2015,2.0,
"[40, 2015, 02]",40,2015,2.0,
"[41, 2015, 02]",41,2015,2.0,
"[42, 2015, 02]",42,2015,2.0,
"[43, 2015, 02]",43,2015,2.0,
"[44, 2015, 02]",44,2015,2.0,
"[45, 2015, 02]",45,2015,2.0,
"[46, 2015, 02]",46,2015,2.0,
"[47, 2015, 02]",47,2015,2.0,
"[48, 2015, 02]",48,2015,2.0,
"[49, 2015, 02]",49,2015,2.0,
"[50, 2015, 02]",50,2015,2.0,
"[51, 2015, 02]",51,2015,2.0,
"[52, 2015, 02]",52,2015,2.0,
"[53, 2015, 02]",53,2015,2.0,
"[54, 2015, 02]",54,2015,2.0,
"[55, 2015, 02]",55,2015,2.0,
"[56, 2015, 02]",56,2015,2.0,
"[57, 2015, 02]",57,2015,2.0,
"[58, 2015, 02]",58,2015,2.0,
"[59, 2015, 02]",59,2015,2.0,
"[60, 2015, 02]",60,2015,2.0,
"[61, 2015, 02]",61,2015,2.0,
"[62, 2015, 02]",62,2015,2.0,
"[63, 2015, 02]",63,2015,2.0,
"[64, 2015, 02]",64,2015,2.0,
"[65, 2015, 02]",65,2015,2.0,
"[66, 2015, 02]",66,2015,2.0,
"[67, 2015, 02]",67,2015,2.0,
"[68, 2015, 02]",68,2015,2.0,
"[69, 2015, 02]",69,2015,2.0,
"[70, 2015, 02]",70,2015,2.0,
"[71, 2015, 02]",71,2015,2.0,
"[72, 2015, 02]",72,2015,2.0,
"[73, 2015, 02]",73,2015,2.0,
"[74, 2015, 02]",74,2015,2.0,
"[75, 2015, 02]",75,2015,2.0,
"[76, 2015, 02]",76,2015,2.0,
"[77, 2015, 02]",77,2015,2.0,
"[78, 2015, 02]",78,2015,2.0,
"[79, 2015, 02]",79,2015,2.0,
"[80, 2015, 02]",80,2015,2.0,
"[81, 2015, 02]",81,2015,2.0,
"[82, 2015, 02]",82,2015,2.0,
"[83, 2015, 02]",83,2015,2.0,
"[84, 2015, 02]",84,2015,2.0,
"[85, 2015, 02]",85,2015,2.0,
"[86, 2015, 02]",86,2015,2.0,
"[87, 2015, 02]",87,2015,2.0,
"[88, 2015, 02]",88,2015,2.0,
"[89, 2015, 02]",89,2015,2.0,
"[90, 2015, 02]",90,2015,2.0,
"[91, 2015, 02]",91,2015,2.0,
"[92, 2015, 02]",92,2015,2.0,
"[93, 2015, 02]",93,2015,2.0,
"[94, 2015, 02]",94,2015,2.0,
"[95, 2015, 02]",95,2015,2.0,
"[96, 2015, 02]",96,2015,2.0,
"[97, 2015, 02]",97,2015,2.0,
"[98, 2015, 02]",98,2015,2.0,
"[99, 2015, 02]",99,2015,2.0,
"[100, 2015, 02]",100,2015,2.0,
"[101, 2015, 02]",101,2015,2.0,
"[102, 2015, 02]",102,2015,2.0,
"[103, 2015, 02]",103,2015,2.0,
"[104, 2015, 02]",104,2015,2.0,
"[105, 2015, 02]",105,2015,2.0,
"[106, 2015, 02]",106,2015,2.0,
"[107, 2015, 02]",107,2015,2.0,
"[108, 2015, 02]",108,2015,2.0,
"[109, 2015, 02]",109,2015,2.0,
"[110, 2015, 02]",110,2015,2.0,
"[111, 2015, 02]",111,2015,2.0,
"[112, 2015, 02]",112,2015,2.0,
"[113, 2015, 02]",113,2015,2.0,
"[114, 2015, 02]",114,2015,2.0,
"[115, 2015, 02]",115,2015,2.0,
"[116, 2015, 02]",116,2015,2.0,
"[117, 2015, 02]",117,2015,2.0,
"[118, 2015, 02]",118,2015,2.0,
"[119, 2015, 02]",119,2015,2.0,
"[120, 2015, 02]",120,2015,2.0,
"[121, 2015, 02]",121,2015,2.0,
"[122, 2015, 02]",122,2015,2.0,
"[123, 2015, 02]",123,2015,2.0,
"[124, 2015, 02]",124,2015,2.0,
"[125, 2015, 02]",125,2015,2.0,
"[126, 2015, 02]",126,2015,2.0,
"[127, 2015, 02]",127,2015,2.0,
"[128, 2015, 02]",128,2015,2.0,
"[129, 2015, 02]",129,2015,2.0,
"[130, 2015, 02]",130,2015,2.0,
"[131, 2015, 02]",131,2015,2.0,
"[132, 2015, 02]",132,2015,2.0,
"[133, 2015, 02]",133,2015,2.0,
"[134, 2015, 02]",134,2015,2.0,
"[135, 2015, 02]",135,2015,2.0,
"[136, 2015, 02]",136,2015,2.0,
"[137, 2015, 02]",137,2015,2.0,
"[138, 2015, 02]",138,2015,2.0,
"[139, 2015, 02]",139,2015,2.0,
"[140, 2015, 02]",140,2015,2.0,
"[141, 2015, 02]",141,2015,2.0,
"[142, 2015, 02]",142,2015,2.0,
"[143, 2015, 02]",143,2015,2.0,
"[1, 2015, 03]",1,2015,3.0,
"[2, 2015, 03]",2,2015,3.0,
"[3, 2015, 03]",3,2015,3.0,
"[4, 2015, 03]",4,2015,3.0,
"[5, 2015, 03]",5,2015,3.0,
"[6, 2015, 03]",6,2015,3.0,
"[7, 2015, 03]",7,2015,3.0,
"[8, 2015, 03]",8,2015,3.0,
"[9, 2015, 03]",9,2015,3.0,
"[10, 2015, 03]",10,2015,3.0,
"[11, 2015, 03]",11,2015,3.0,
"[12, 2015, 03]",12,2015,3.0,
"[13, 2015, 03]",13,2015,3.0,
"[14, 2015, 03]",14,2015,3.0,
"[15, 2015, 03]",15,2015,3.0,
"[16, 2015, 03]",16,2015,3.0,
"[17, 2015, 03]",17,2015,3.0,
"[18, 2015, 03]",18,2015,3.0,
"[19, 2015, 03]",19,2015,3.0,
"[20, 2015, 03]",20,2015,3.0,
"[21, 2015, 03]",21,2015,3.0,
"[22, 2015, 03]",22,2015,3.0,
"[23, 2015, 03]",23,2015,3.0,
"[24, 2015, 03]",24,2015,3.0,
"[25, 2015, 03]",25,2015,3.0,
"[26, 2015, 03]",26,2015,3.0,
"[27, 2015, 03]",27,2015,3.0,
"[28, 2015, 03]",28,2015,3.0,
"[29, 2015, 03]",29,2015,3.0,
"[30, 2015, 03]",30,2015,3.0,
"[31, 2015, 03]",31,2015,3.0,
"[32, 2015, 03]",32,2015,3.0,
"[33, 2015, 03]",33,2015,3.0,
"[34, 2015, 03]",34,2015,3.0,
"[35, 2015, 03]",35,2015,3.0,
"[36, 2015, 03]",36,2015,3.0,
"[37, 2015, 03]",37,2015,3.0,
"[38, 2015, 03]",38,2015,3.0,
"[39, 2015, 03]",39,2015,3.0,
"[40, 2015, 03]",40,2015,3.0,
"[41, 2015, 03]",41,2015,3.0,
"[42, 2015, 03]",42,2015,3.0,
"[43, 2015, 03]",43,2015,3.0,
"[44, 2015, 03]",44,2015,3.0,
"[45, 2015, 03]",45,2015,3.0,
"[46, 2015, 03]",46,2015,3.0,
"[47, 2015, 03]",47,2015,3.0,
"[48, 2015, 03]",48,2015,3.0,
"[49, 2015, 03]",49,2015,3.0,
"[50, 2015, 03]",50,2015,3.0,
"[51, 2015, 03]",51,2015,3.0,
"[52, 2015, 03]",52,2015,3.0,
"[53, 2015, 03]",53,2015,3.0,
"[54, 2015, 03]",54,2015,3.0,
"[55, 2015, 03]",55,2015,3.0,
"[56, 2015, 03]",56,2015,3.0,
"[57, 2015, 03]",57,2015,3.0,
"[58, 2015, 03]",58,2015,3.0,
"[59, 2015, 03]",59,2015,3.0,
"[60, 2015, 03]",60,2015,3.0,
"[61, 2015, 03]",61,2015,3.0,
"[62, 2015, 03]",62,2015,3.0,
"[63, 2015, 03]",63,2015,3.0,
"[64, 2015, 03]",64,2015,3.0,
"[65, 2015, 03]",65,2015,3.0,
"[66, 2015, 03]",66,2015,3.0,
"[67, 2015, 03]",67,2015,3.0,
"[68, 2015, 03]",68,2015,3.0,
"[69, 2015, 03]",69,2015,3.0,
"[70, 2015, 03]",70,2015,3.0,
"[71, 2015, 03]",71,2015,3.0,
"[72, 2015, 03]",72,2015,3.0,
"[73, 2015, 03]",73,2015,3.0,
"[74, 2015, 03]",74,2015,3.0,
"[75, 2015, 03]",75,2015,3.0,
"[76, 2015, 03]",76,2015,3.0,
"[77, 2015, 03]",77,2015,3.0,
"[78, 2015, 03]",78,2015,3.0,
"[79, 2015, 03]",79,2015,3.0,
"[80, 2015, 03]",80,2015,3.0,
"[81, 2015, 03]",81,2015,3.0,
"[82, 2015, 03]",82,2015,3.0,
"[83, 2015, 03]",83,2015,3.0,
"[84, 2015, 03]",84,2015,3.0,
"[85, 2015, 03]",85,2015,3.0,
"[86, 2015, 03]",86,2015,3.0,
"[87, 2015, 03]",87,2015,3.0,
"[88, 2015, 03]",88,2015,3.0,
"[89, 2015, 03]",89,2015,3.0,
"[90, 2015, 03]",90,2015,3.0,
"[91, 2015, 03]",91,2015,3.0,
"[92, 2015, 03]",92,2015,3.0,
"[93, 2015, 03]",93,2015,3.0,
"[94, 2015, 03]",94,2015,3.0,
"[95, 2015, 03]",95,2015,3.0,
"[96, 2015, 03]",96,2015,3.0,
"[97, 2015, 03]",97,2015,3.0,
"[98, 2015, 03]",98,2015,3.0,
"[99, 2015, 03]",99,2015,3.0,
"[100, 2015, 03]",100,2015,3.0,
"[101, 2015, 03]",101,2015,3.0,
"[102, 2015, 03]",102,2015,3.0,
"[103, 2015, 03]",103,2015,3.0,
"[104, 2015, 03]",104,2015,3.0,
"[105, 2015, 03]",105,2015,3.0,
"[106, 2015, 03]",106,2015,3.0,
"[107, 2015, 03]",107,2015,3.0,
"[108, 2015, 03]",108,2015,3.0,
"[109, 2015, 03]",109,2015,3.0,
"[110, 2015, 03]",110,2015,3.0,
"[111, 2015, 03]",111,2015,3.0,
"[112, 2015, 03]",112,2015,3.0,
"[113, 2015, 03]",113,2015,3.0,
"[114, 2015, 03]",114,2015,3.0,
"[115, 2015, 03]",115,2015,3.0,
"[116, 2015, 03]",116,2015,3.0,
"[117, 2015, 03]",117,2015,3.0,
"[118, 2015, 03]",118,2015,3.0,
"[119, 2015, 03]",119,2015,3.0,
"[120, 2015, 03]",120,2015,3.0,
"[121, 2015, 03]",121,2015,3.0,
"[122, 2015, 03]",122,2015,3.0,
"[123, 2015, 03]",123,2015,3.0,
"[124, 2015, 03]",124,2015,3.0,
"[125, 2015, 03]",125,2015,3.0,
"[126, 2015, 03]",126,2015,3.0,
"[127, 2015, 03]",127,2015,3.0,
"[128, 2015, 03]",128,2015,3.0,
"[129, 2015, 03]",129,2015,3.0,
"[130, 2015, 03]",130,2015,3.0,
"[131, 2015, 03]",131,2015,3.0,
"[132, 2015, 03]",132,2015,3.0,
"[133, 2015, 03]",133,2015,3.0,
"[134, 2015, 03]",134,2015,3.0,
"[135, 2015, 03]",135,2015,3.0,
"[136, 2015, 03]",136,2015,3.0,
"[137, 2015, 03]",137,2015,3.0,
"[138, 2015, 03]",138,2015,3.0,
"[139, 2015, 03]",139,2015,3.0,
"[140, 2015, 03]",140,2015,3.0,
"[141, 2015, 03]",141,2015,3.0,
"[142, 2015, 03]",142,2015,3.0,
"[143, 2015, 03]",143,2015,3.0,
"[1, 2015, 04]",1,2015,4.0,
"[2, 2015, 04]",2,2015,4.0,
"[3, 2015, 04]",3,2015,4.0,
"[4, 2015, 04]",4,2015,4.0,
"[5, 2015, 04]",5,2015,4.0,
"[6, 2015, 04]",6,2015,4.0,
"[7, 2015, 04]",7,2015,4.0,
"[8, 2015, 04]",8,2015,4.0,
"[9, 2015, 04]",9,2015,4.0,
"[10, 2015, 04]",10,2015,4.0,
"[11, 2015, 04]",11,2015,4.0,
"[12, 2015, 04]",12,2015,4.0,
"[13, 2015, 04]",13,2015,4.0,
"[14, 2015, 04]",14,2015,4.0,
"[15, 2015, 04]",15,2015,4.0,
"[16, 2015, 04]",16,2015,4.0,
"[17, 2015, 04]",17,2015,4.0,
"[18, 2015, 04]",18,2015,4.0,
"[19, 2015, 04]",19,2015,4.0,
"[20, 2015, 04]",20,2015,4.0,
"[21, 2015, 04]",21,2015,4.0,
"[22, 2015, 04]",22,2015,4.0,
"[23, 2015, 04]",23,2015,4.0,
"[24, 2015, 04]",24,2015,4.0,
"[25, 2015, 04]",25,2015,4.0,
"[26, 2015, 04]",26,2015,4.0,
"[27, 2015, 04]",27,2015,4.0,
"[28, 2015, 04]",28,2015,4.0,
"[29, 2015, 04]",29,2015,4.0,
"[30, 2015, 04]",30,2015,4.0,
"[31, 2015, 04]",31,2015,4.0,
"[32, 2015, 04]",32,2015,4.0,
"[33, 2015, 04]",33,2015,4.0,
"[34, 2015, 04]",34,2015,4.0,
"[35, 2015, 04]",35,2015,4.0,
"[36, 2015, 04]",36,2015,4.0,
"[37, 2015, 04]",37,2015,4.0,
"[38, 2015, 04]",38,2015,4.0,
"[39, 2015, 04]",39,2015,4.0,
"[40, 2015, 04]",40,2015,4.0,
"[41, 2015, 04]",41,2015,4.0,
"[42, 2015, 04]",42,2015,4.0,
"[43, 2015, 04]",43,2015,4.0,
"[44, 2015, 04]",44,2015,4.0,
"[45, 2015, 04]",45,2015,4.0,
"[46, 2015, 04]",46,2015,4.0,
"[47, 2015, 04]",47,2015,4.0,
"[48, 2015, 04]",48,2015,4.0,
"[49, 2015, 04]",49,2015,4.0,
"[50, 2015, 04]",50,2015,4.0,
"[51, 2015, 04]",51,2015,4.0,
"[52, 2015, 04]",52,2015,4.0,
"[53, 2015, 04]",53,2015,4.0,
"[54, 2015, 04]",54,2015,4.0,
"[55, 2015, 04]",55,2015,4.0,
"[56, 2015, 04]",56,2015,4.0,
"[57, 2015, 04]",57,2015,4.0,
"[58, 2015, 04]",58,2015,4.0,
"[59, 2015, 04]",59,2015,4.0,
"[60, 2015, 04]",60,2015,4.0,
"[61, 2015, 04]",61,2015,4.0,
"[62, 2015, 04]",62,2015,4.0,
"[63, 2015, 04]",63,2015,4.0,
"[64, 2015, 04]",64,2015,4.0,
"[65, 2015, 04]",65,2015,4.0,
"[66, 2015, 04]",66,2015,4.0,
"[67, 2015, 04]",67,2015,4.0,
"[68, 2015, 04]",68,2015,4.0,
"[69, 2015, 04]",69,2015,4.0,
"[70, 2015, 04]",70,2015,4.0,
"[71, 2015, 04]",71,2015,4.0,
"[72, 2015, 04]",72,2015,4.0,
"[73, 2015, 04]",73,2015,4.0,
"[74, 2015, 04]",74,2015,4.0,
"[75, 2015, 04]",75,2015,4.0,
"[76, 2015, 04]",76,2015,4.0,
"[77, 2015, 04]",77,2015,4.0,
"[78, 2015, 04]",78,2015,4.0,
"[79, 2015, 04]",79,2015,4.0,
"[80, 2015, 04]",80,2015,4.0,
"[81, 2015, 04]",81,2015,4.0,
"[82, 2015, 04]",82,2015,4.0,
"[83, 2015, 04]",83,2015,4.0,
"[84, 2015, 04]",84,2015,4.0,
"[85, 2015, 04]",85,2015,4.0,
"[86, 2015, 04]",86,2015,4.0,
"[87, 2015, 04]",87,2015,4.0,
"[88, 2015, 04]",88,2015,4.0,
"[89, 2015, 04]",89,2015,4.0,
"[90, 2015, 04]",90,2015,4.0,
"[91, 2015, 04]",91,2015,4.0,
"[92, 2015, 04]",92,2015,4.0,
"[93, 2015, 04]",93,2015,4.0,
"[94, 2015, 04]",94,2015,4.0,
"[95, 2015, 04]",95,2015,4.0,
"[96, 2015, 04]",96,2015,4.0,
"[97, 2015, 04]",97,2015,4.0,
"[98, 2015, 04]",98,2015,4.0,
"[99, 2015, 04]",99,2015,4.0,
"[100, 2015, 04]",100,2015,4.0,
"[101, 2015, 04]",101,2015,4.0,
"[102, 2015, 04]",102,2015,4.0,
"[103, 2015, 04]",103,2015,4.0,
"[104, 2015, 04]",104,2015,4.0,
"[105, 2015, 04]",105,2015,4.0,
"[106, 2015, 04]",106,2015,4.0,
"[107, 2015, 04]",107,2015,4.0,
"[108, 2015, 04]",108,2015,4.0,
"[109, 2015, 04]",109,2015,4.0,
"[110, 2015, 04]",110,2015,4.0,
"[111, 2015, 04]",111,2015,4.0,
"[112, 2015, 04]",112,2015,4.0,
"[113, 2015, 04]",113,2015,4.0,
"[114, 2015, 04]",114,2015,4.0,
"[115, 2015, 04]",115,2015,4.0,
"[116, 2015, 04]",116,2015,4.0,
"[117, 2015, 04]",117,2015,4.0,
"[118, 2015, 04]",118,2015,4.0,
"[119, 2015, 04]",119,2015,4.0,
"[120, 2015, 04]",120,2015,4.0,
"[121, 2015, 04]",121,2015,4.0,
"[122, 2015, 04]",122,2015,4.0,
"[123, 2015, 04]",123,2015,4.0,
"[124, 2015, 04]",124,2015,4.0,
"[125, 2015, 04]",125,2015,4.0,
"[126, 2015, 04]",126,2015,4.0,
"[127, 2015, 04]",127,2015,4.0,
"[128, 2015, 04]",128,2015,4.0,
"[129, 2015, 04]",129,2015,4.0,
"[130, 2015, 04]",130,2015,4.0,
"[131, 2015, 04]",131,2015,4.0,
"[132, 2015, 04]",132,2015,4.0,
"[133, 2015, 04]",133,2015,4.0,
"[134, 2015, 04]",134,2015,4.0,
"[135, 2015, 04]",135,2015,4.0,
"[136, 2015, 04]",136,2015,4.0,
"[137, 2015, 04]",137,2015,4.0,
"[138, 2015, 04]",138,2015,4.0,
"[139, 2015, 04]",139,2015,4.0,
"[140, 2015, 04]",140,2015,4.0,
"[141, 2015, 04]",141,2015,4.0,
"[142, 2015, 04]",142,2015,4.0,
"[143, 2015, 04]",143,2015,4.0,
"[1, 2015, 05]",1,2015,5.0,
"[2, 2015, 05]",2,2015,5.0,
"[3, 2015, 05]",3,2015,5.0,
"[4, 2015, 05]",4,2015,5.0,
"[5, 2015, 05]",5,2015,5.0,
"[6, 2015, 05]",6,2015,5.0,
"[7, 2015, 05]",7,2015,5.0,
"[8, 2015, 05]",8,2015,5.0,
"[9, 2015, 05]",9,2015,5.0,
"[10, 2015, 05]",10,2015,5.0,
"[11, 2015, 05]",11,2015,5.0,
"[12, 2015, 05]",12,2015,5.0,
"[13, 2015, 05]",13,2015,5.0,
"[14, 2015, 05]",14,2015,5.0,
"[15, 2015, 05]",15,2015,5.0,
"[16, 2015, 05]",16,2015,5.0,
"[17, 2015, 05]",17,2015,5.0,
"[18, 2015, 05]",18,2015,5.0,
"[19, 2015, 05]",19,2015,5.0,
"[20, 2015, 05]",20,2015,5.0,
"[21, 2015, 05]",21,2015,5.0,
"[22, 2015, 05]",22,2015,5.0,
"[23, 2015, 05]",23,2015,5.0,
"[24, 2015, 05]",24,2015,5.0,
"[25, 2015, 05]",25,2015,5.0,
"[26, 2015, 05]",26,2015,5.0,
"[27, 2015, 05]",27,2015,5.0,
"[28, 2015, 05]",28,2015,5.0,
"[29, 2015, 05]",29,2015,5.0,
"[30, 2015, 05]",30,2015,5.0,
"[31, 2015, 05]",31,2015,5.0,
"[32, 2015, 05]",32,2015,5.0,
"[33, 2015, 05]",33,2015,5.0,
"[34, 2015, 05]",34,2015,5.0,
"[35, 2015, 05]",35,2015,5.0,
"[36, 2015, 05]",36,2015,5.0,
"[37, 2015, 05]",37,2015,5.0,
"[38, 2015, 05]",38,2015,5.0,
"[39, 2015, 05]",39,2015,5.0,
"[40, 2015, 05]",40,2015,5.0,
"[41, 2015, 05]",41,2015,5.0,
"[42, 2015, 05]",42,2015,5.0,
"[43, 2015, 05]",43,2015,5.0,
"[44, 2015, 05]",44,2015,5.0,
"[45, 2015, 05]",45,2015,5.0,
"[46, 2015, 05]",46,2015,5.0,
"[47, 2015, 05]",47,2015,5.0,
"[48, 2015, 05]",48,2015,5.0,
"[49, 2015, 05]",49,2015,5.0,
"[50, 2015, 05]",50,2015,5.0,
"[51, 2015, 05]",51,2015,5.0,
"[52, 2015, 05]",52,2015,5.0,
"[53, 2015, 05]",53,2015,5.0,
"[54, 2015, 05]",54,2015,5.0,
"[55, 2015, 05]",55,2015,5.0,
"[56, 2015, 05]",56,2015,5.0,
"[57, 2015, 05]",57,2015,5.0,
"[58, 2015, 05]",58,2015,5.0,
"[59, 2015, 05]",59,2015,5.0,
"[60, 2015, 05]",60,2015,5.0,
"[61, 2015, 05]",61,2015,5.0,
"[62, 2015, 05]",62,2015,5.0,
"[63, 2015, 05]",63,2015,5.0,
"[64, 2015, 05]",64,2015,5.0,
"[65, 2015, 05]",65,2015,5.0,
"[66, 2015, 05]",66,2015,5.0,
"[67, 2015, 05]",67,2015,5.0,
"[68, 2015, 05]",68,2015,5.0,
"[69, 2015, 05]",69,2015,5.0,
"[70, 2015, 05]",70,2015,5.0,
"[71, 2015, 05]",71,2015,5.0,
"[72, 2015, 05]",72,2015,5.0,
"[73, 2015, 05]",73,2015,5.0,
"[74, 2015, 05]",74,2015,5.0,
"[75, 2015, 05]",75,2015,5.0,
"[76, 2015, 05]",76,2015,5.0,
"[77, 2015, 05]",77,2015,5.0,
"[78, 2015, 05]",78,2015,5.0,
"[79, 2015, 05]",79,2015,5.0,
"[80, 2015, 05]",80,2015,5.0,
"[81, 2015, 05]",81,2015,5.0,
"[82, 2015, 05]",82,2015,5.0,
"[83, 2015, 05]",83,2015,5.0,
"[84, 2015, 05]",84,2015,5.0,
"[85, 2015, 05]",85,2015,5.0,
"[86, 2015, 05]",86,2015,5.0,
"[87, 2015, 05]",87,2015,5.0,
"[88, 2015, 05]",88,2015,5.0,
"[89, 2015, 05]",89,2015,5.0,
"[90, 2015, 05]",90,2015,5.0,
"[91, 2015, 05]",91,2015,5.0,
"[92, 2015, 05]",92,2015,5.0,
"[93, 2015, 05]",93,2015,5.0,
"[94, 2015, 05]",94,2015,5.0,
"[95, 2015, 05]",95,2015,5.0,
"[96, 2015, 05]",96,2015,5.0,
"[97, 2015, 05]",97,2015,5.0,
"[98, 2015, 05]",98,2015,5.0,
"[99, 2015, 05]",99,2015,5.0,
"[100, 2015, 05]",100,2015,5.0,
"[101, 2015, 05]",101,2015,5.0,
"[102, 2015, 05]",102,2015,5.0,
"[103, 2015, 05]",103,2015,5.0,
"[104, 2015, 05]",104,2015,5.0,
"[105, 2015, 05]",105,2015,5.0,
"[106, 2015, 05]",106,2015,5.0,
"[107, 2015, 05]",107,2015,5.0,
"[108, 2015, 05]",108,2015,5.0,
"[109, 2015, 05]",109,2015,5.0,
"[110, 2015, 05]",110,2015,5.0,
"[111, 2015, 05]",111,2015,5.0,
"[112, 2015, 05]",112,2015,5.0,
"[113, 2015, 05]",113,2015,5.0,
"[114, 2015, 05]",114,2015,5.0,
"[115, 2015, 05]",115,2015,5.0,
"[116, 2015, 05]",116,2015,5.0,
"[117, 2015, 05]",117,2015,5.0,
"[118, 2015, 05]",118,2015,5.0,
"[119, 2015, 05]",119,2015,5.0,
"[120, 2015, 05]",120,2015,5.0,
"[121, 2015, 05]",121,2015,5.0,
"[122, 2015, 05]",122,2015,5.0,
"[123, 2015, 05]",123,2015,5.0,
"[124, 2015, 05]",124,2015,5.0,
"[125, 2015, 05]",125,2015,5.0,
"[126, 2015, 05]",126,2015,5.0,
"[127, 2015, 05]",127,2015,5.0,
"[128, 2015, 05]",128,2015,5.0,
"[129, 2015, 05]",129,2015,5.0,
"[130, 2015, 05]",130,2015,5.0,
"[131, 2015, 05]",131,2015,5.0,
"[132, 2015, 05]",132,2015,5.0,
"[133, 2015, 05]",133,2015,5.0,
"[134, 2015, 05]",134,2015,5.0,
"[135, 2015, 05]",135,2015,5.0,
"[136, 2015, 05]",136,2015,5.0,
"[137, 2015, 05]",137,2015,5.0,
"[138, 2015, 05]",138,2015,5.0,
"[139, 2015, 05]",139,2015,5.0,
"[140, 2015, 05]",140,2015,5.0,
"[141, 2015, 05]",141,2015,5.0,
"[142, 2015, 05]",142,2015,5.0,
"[143, 2015, 05]",143,2015,5.0,
"[1, 2015, 06]",1,2015,6.0,
"[2, 2015, 06]",2,2015,6.0,
"[3, 2015, 06]",3,2015,6.0,
"[4, 2015, 06]",4,2015,6.0,
"[5, 2015, 06]",5,2015,6.0,
"[6, 2015, 06]",6,2015,6.0,
"[7, 2015, 06]",7,2015,6.0,
"[8, 2015, 06]",8,2015,6.0,
"[9, 2015, 06]",9,2015,6.0,
"[10, 2015, 06]",10,2015,6.0,
"[11, 2015, 06]",11,2015,6.0,
"[12, 2015, 06]",12,2015,6.0,
"[13, 2015, 06]",13,2015,6.0,
"[14, 2015, 06]",14,2015,6.0,
"[15, 2015, 06]",15,2015,6.0,
"[16, 2015, 06]",16,2015,6.0,
"[17, 2015, 06]",17,2015,6.0,
"[18, 2015, 06]",18,2015,6.0,
"[19, 2015, 06]",19,2015,6.0,
"[20, 2015, 06]",20,2015,6.0,
"[21, 2015, 06]",21,2015,6.0,
"[22, 2015, 06]",22,2015,6.0,
"[23, 2015, 06]",23,2015,6.0,
"[24, 2015, 06]",24,2015,6.0,
"[25, 2015, 06]",25,2015,6.0,
"[26, 2015, 06]",26,2015,6.0,
"[27, 2015, 06]",27,2015,6.0,
"[28, 2015, 06]",28,2015,6.0,
"[29, 2015, 06]",29,2015,6.0,
"[30, 2015, 06]",30,2015,6.0,
"[31, 2015, 06]",31,2015,6.0,
"[32, 2015, 06]",32,2015,6.0,
"[33, 2015, 06]",33,2015,6.0,
"[34, 2015, 06]",34,2015,6.0,
"[35, 2015, 06]",35,2015,6.0,
"[36, 2015, 06]",36,2015,6.0,
"[37, 2015, 06]",37,2015,6.0,
"[38, 2015, 06]",38,2015,6.0,
"[39, 2015, 06]",39,2015,6.0,
"[40, 2015, 06]",40,2015,6.0,
"[41, 2015, 06]",41,2015,6.0,
"[42, 2015, 06]",42,2015,6.0,
"[43, 2015, 06]",43,2015,6.0,
"[44, 2015, 06]",44,2015,6.0,
"[45, 2015, 06]",45,2015,6.0,
"[46, 2015, 06]",46,2015,6.0,
"[47, 2015, 06]",47,2015,6.0,
"[48, 2015, 06]",48,2015,6.0,
"[49, 2015, 06]",49,2015,6.0,
"[50, 2015, 06]",50,2015,6.0,
"[51, 2015, 06]",51,2015,6.0,
"[52, 2015, 06]",52,2015,6.0,
"[53, 2015, 06]",53,2015,6.0,
"[54, 2015, 06]",54,2015,6.0,
"[55, 2015, 06]",55,2015,6.0,
"[56, 2015, 06]",56,2015,6.0,
"[57, 2015, 06]",57,2015,6.0,
"[58, 2015, 06]",58,2015,6.0,
"[59, 2015, 06]",59,2015,6.0,
"[60, 2015, 06]",60,2015,6.0,
"[61, 2015, 06]",61,2015,6.0,
"[62, 2015, 06]",62,2015,6.0,
"[63, 2015, 06]",63,2015,6.0,
"[64, 2015, 06]",64,2015,6.0,
"[65, 2015, 06]",65,2015,6.0,
"[66, 2015, 06]",66,2015,6.0,
"[67, 2015, 06]",67,2015,6.0,
"[68, 2015, 06]",68,2015,6.0,
"[69, 2015, 06]",69,2015,6.0,
"[70, 2015, 06]",70,2015,6.0,
"[71, 2015, 06]",71,2015,6.0,
"[72, 2015, 06]",72,2015,6.0,
"[73, 2015, 06]",73,2015,6.0,
"[74, 2015, 06]",74,2015,6.0,
"[75, 2015, 06]",75,2015,6.0,
"[76, 2015, 06]",76,2015,6.0,
"[77, 2015, 06]",77,2015,6.0,
"[78, 2015, 06]",78,2015,6.0,
"[79, 2015, 06]",79,2015,6.0,
"[80, 2015, 06]",80,2015,6.0,
"[81, 2015, 06]",81,2015,6.0,
"[82, 2015, 06]",82,2015,6.0,
"[83, 2015, 06]",83,2015,6.0,
"[84, 2015, 06]",84,2015,6.0,
"[85, 2015, 06]",85,2015,6.0,
"[86, 2015, 06]",86,2015,6.0,
"[87, 2015, 06]",87,2015,6.0,
"[88, 2015, 06]",88,2015,6.0,
"[89, 2015, 06]",89,2015,6.0,
"[90, 2015, 06]",90,2015,6.0,
"[91, 2015, 06]",91,2015,6.0,
"[92, 2015, 06]",92,2015,6.0,
"[93, 2015, 06]",93,2015,6.0,
"[94, 2015, 06]",94,2015,6.0,
"[95, 2015, 06]",95,2015,6.0,
"[96, 2015, 06]",96,2015,6.0,
"[97, 2015, 06]",97,2015,6.0,
"[98, 2015, 06]",98,2015,6.0,
"[99, 2015, 06]",99,2015,6.0,
"[100, 2015, 06]",100,2015,6.0,
"[101, 2015, 06]",101,2015,6.0,
"[102, 2015, 06]",102,2015,6.0,
"[103, 2015, 06]",103,2015,6.0,
"[104, 2015, 06]",104,2015,6.0,
"[105, 2015, 06]",105,2015,6.0,
"[106, 2015, 06]",106,2015,6.0,
"[107, 2015, 06]",107,2015,6.0,
"[108, 2015, 06]",108,2015,6.0,
"[109, 2015, 06]",109,2015,6.0,
"[110, 2015, 06]",110,2015,6.0,
"[111, 2015, 06]",111,2015,6.0,
"[112, 2015, 06]",112,2015,6.0,
"[113, 2015, 06]",113,2015,6.0,
"[114, 2015, 06]",114,2015,6.0,
"[115, 2015, 06]",115,2015,6.0,
"[116, 2015, 06]",116,2015,6.0,
"[117, 2015, 06]",117,2015,6.0,
"[118, 2015, 06]",118,2015,6.0,
"[119, 2015, 06]",119,2015,6.0,
"[120, 2015, 06]",120,2015,6.0,
"[121, 2015, 06]",121,2015,6.0,
"[122, 2015, 06]",122,2015,6.0,
"[123, 2015, 06]",123,2015,6.0,
"[124, 2015, 06]",124,2015,6.0,
"[125, 2015, 06]",125,2015,6.0,
"[126, 2015, 06]",126,2015,6.0,
"[127, 2015, 06]",127,2015,6.0,
"[128, 2015, 06]",128,2015,6.0,
"[129, 2015, 06]",129,2015,6.0,
"[130, 2015, 06]",130,2015,6.0,
"[131, 2015, 06]",131,2015,6.0,
"[132, 2015, 06]",132,2015,6.0,
"[133, 2015, 06]",133,2015,6.0,
"[134, 2015, 06]",134,2015,6.0,
"[135, 2015, 06]",135,2015,6.0,
"[136, 2015, 06]",136,2015,6.0,
"[137, 2015, 06]",137,2015,6.0,
"[138, 2015, 06]",138,2015,6.0,
"[139, 2015, 06]",139,2015,6.0,
"[140, 2015, 06]",140,2015,6.0,
"[141, 2015, 06]",141,2015,6.0,
"[142, 2015, 06]",142,2015,6.0,
"[143, 2015, 06]",143,2015,6.0,
"[1, 2015, 07]",1,2015,7.0,
"[2, 2015, 07]",2,2015,7.0,
"[3, 2015, 07]",3,2015,7.0,
"[4, 2015, 07]",4,2015,7.0,
"[5, 2015, 07]",5,2015,7.0,
"[6, 2015, 07]",6,2015,7.0,
"[7, 2015, 07]",7,2015,7.0,
"[8, 2015, 07]",8,2015,7.0,
"[9, 2015, 07]",9,2015,7.0,
"[10, 2015, 07]",10,2015,7.0,
"[11, 2015, 07]",11,2015,7.0,
"[12, 2015, 07]",12,2015,7.0,
"[13, 2015, 07]",13,2015,7.0,
"[14, 2015, 07]",14,2015,7.0,
"[15, 2015, 07]",15,2015,7.0,
"[16, 2015, 07]",16,2015,7.0,
"[17, 2015, 07]",17,2015,7.0,
"[18, 2015, 07]",18,2015,7.0,
"[19, 2015, 07]",19,2015,7.0,
"[20, 2015, 07]",20,2015,7.0,
"[21, 2015, 07]",21,2015,7.0,
"[22, 2015, 07]",22,2015,7.0,
"[23, 2015, 07]",23,2015,7.0,
"[24, 2015, 07]",24,2015,7.0,
"[25, 2015, 07]",25,2015,7.0,
"[26, 2015, 07]",26,2015,7.0,
"[27, 2015, 07]",27,2015,7.0,
"[28, 2015, 07]",28,2015,7.0,
"[29, 2015, 07]",29,2015,7.0,
"[30, 2015, 07]",30,2015,7.0,
"[31, 2015, 07]",31,2015,7.0,
"[32, 2015, 07]",32,2015,7.0,
"[33, 2015, 07]",33,2015,7.0,
"[34, 2015, 07]",34,2015,7.0,
"[35, 2015, 07]",35,2015,7.0,
"[36, 2015, 07]",36,2015,7.0,
"[37, 2015, 07]",37,2015,7.0,
"[38, 2015, 07]",38,2015,7.0,
"[39, 2015, 07]",39,2015,7.0,
"[40, 2015, 07]",40,2015,7.0,
"[41, 2015, 07]",41,2015,7.0,
"[42, 2015, 07]",42,2015,7.0,
"[43, 2015, 07]",43,2015,7.0,
"[44, 2015, 07]",44,2015,7.0,
"[45, 2015, 07]",45,2015,7.0,
"[46, 2015, 07]",46,2015,7.0,
"[47, 2015, 07]",47,2015,7.0,
"[48, 2015, 07]",48,2015,7.0,
"[49, 2015, 07]",49,2015,7.0,
"[50, 2015, 07]",50,2015,7.0,
"[51, 2015, 07]",51,2015,7.0,
"[52, 2015, 07]",52,2015,7.0,
"[53, 2015, 07]",53,2015,7.0,
"[54, 2015, 07]",54,2015,7.0,
"[55, 2015, 07]",55,2015,7.0,
"[56, 2015, 07]",56,2015,7.0,
"[57, 2015, 07]",57,2015,7.0,
"[58, 2015, 07]",58,2015,7.0,
"[59, 2015, 07]",59,2015,7.0,
"[60, 2015, 07]",60,2015,7.0,
"[61, 2015, 07]",61,2015,7.0,
"[62, 2015, 07]",62,2015,7.0,
"[63, 2015, 07]",63,2015,7.0,
"[64, 2015, 07]",64,2015,7.0,
"[65, 2015, 07]",65,2015,7.0,
"[66, 2015, 07]",66,2015,7.0,
"[67, 2015, 07]",67,2015,7.0,
"[68, 2015, 07]",68,2015,7.0,
"[69, 2015, 07]",69,2015,7.0,
"[70, 2015, 07]",70,2015,7.0,
"[71, 2015, 07]",71,2015,7.0,
"[72, 2015, 07]",72,2015,7.0,
"[73, 2015, 07]",73,2015,7.0,
"[74, 2015, 07]",74,2015,7.0,
"[75, 2015, 07]",75,2015,7.0,
"[76, 2015, 07]",76,2015,7.0,
"[77, 2015, 07]",77,2015,7.0,
"[78, 2015, 07]",78,2015,7.0,
"[79, 2015, 07]",79,2015,7.0,
"[80, 2015, 07]",80,2015,7.0,
"[81, 2015, 07]",81,2015,7.0,
"[82, 2015, 07]",82,2015,7.0,
"[83, 2015, 07]",83,2015,7.0,
"[84, 2015, 07]",84,2015,7.0,
"[85, 2015, 07]",85,2015,7.0,
"[86, 2015, 07]",86,2015,7.0,
"[87, 2015, 07]",87,2015,7.0,
"[88, 2015, 07]",88,2015,7.0,
"[89, 2015, 07]",89,2015,7.0,
"[90, 2015, 07]",90,2015,7.0,
"[91, 2015, 07]",91,2015,7.0,
"[92, 2015, 07]",92,2015,7.0,
"[93, 2015, 07]",93,2015,7.0,
"[94, 2015, 07]",94,2015,7.0,
"[95, 2015, 07]",95,2015,7.0,
"[96, 2015, 07]",96,2015,7.0,
"[97, 2015, 07]",97,2015,7.0,
"[98, 2015, 07]",98,2015,7.0,
"[99, 2015, 07]",99,2015,7.0,
"[100, 2015, 07]",100,2015,7.0,
"[101, 2015, 07]",101,2015,7.0,
"[102, 2015, 07]",102,2015,7.0,
"[103, 2015, 07]",103,2015,7.0,
"[104, 2015, 07]",104,2015,7.0,
"[105, 2015, 07]",105,2015,7.0,
"[106, 2015, 07]",106,2015,7.0,
"[107, 2015, 07]",107,2015,7.0,
"[108, 2015, 07]",108,2015,7.0,
"[109, 2015, 07]",109,2015,7.0,
"[110, 2015, 07]",110,2015,7.0,
"[111, 2015, 07]",111,2015,7.0,
"[112, 2015, 07]",112,2015,7.0,
"[113, 2015, 07]",113,2015,7.0,
"[114, 2015, 07]",114,2015,7.0,
"[115, 2015, 07]",115,2015,7.0,
"[116, 2015, 07]",116,2015,7.0,
"[117, 2015, 07]",117,2015,7.0,
"[118, 2015, 07]",118,2015,7.0,
"[119, 2015, 07]",119,2015,7.0,
"[120, 2015, 07]",120,2015,7.0,
"[121, 2015, 07]",121,2015,7.0,
"[122, 2015, 07]",122,2015,7.0,
"[123, 2015, 07]",123,2015,7.0,
"[124, 2015, 07]",124,2015,7.0,
"[125, 2015, 07]",125,2015,7.0,
"[126, 2015, 07]",126,2015,7.0,
"[127, 2015, 07]",127,2015,7.0,
"[128, 2015, 07]",128,2015,7.0,
"[129, 2015, 07]",129,2015,7.0,
"[130, 2015, 07]",130,2015,7.0,
"[131, 2015, 07]",131,2015,7.0,
"[132, 2015, 07]",132,2015,7.0,
"[133, 2015, 07]",133,2015,7.0,
"[134, 2015, 07]",134,2015,7.0,
"[135, 2015, 07]",135,2015,7.0,
"[136, 2015, 07]",136,2015,7.0,
"[137, 2015, 07]",137,2015,7.0,
"[138, 2015, 07]",138,2015,7.0,
"[139, 2015, 07]",139,2015,7.0,
"[140, 2015, 07]",140,2015,7.0,
"[141, 2015, 07]",141,2015,7.0,
"[142, 2015, 07]",142,2015,7.0,
"[143, 2015, 07]",143,2015,7.0,
"[1, 2015, 08]",1,2015,8.0,
"[2, 2015, 08]",2,2015,8.0,
"[3, 2015, 08]",3,2015,8.0,
"[4, 2015, 08]",4,2015,8.0,
"[5, 2015, 08]",5,2015,8.0,
"[6, 2015, 08]",6,2015,8.0,
"[7, 2015, 08]",7,2015,8.0,
"[8, 2015, 08]",8,2015,8.0,
"[9, 2015, 08]",9,2015,8.0,
"[10, 2015, 08]",10,2015,8.0,
"[11, 2015, 08]",11,2015,8.0,
"[12, 2015, 08]",12,2015,8.0,
"[13, 2015, 08]",13,2015,8.0,
"[14, 2015, 08]",14,2015,8.0,
"[15, 2015, 08]",15,2015,8.0,
"[16, 2015, 08]",16,2015,8.0,
"[17, 2015, 08]",17,2015,8.0,
"[18, 2015, 08]",18,2015,8.0,
"[19, 2015, 08]",19,2015,8.0,
"[20, 2015, 08]",20,2015,8.0,
"[21, 2015, 08]",21,2015,8.0,
"[22, 2015, 08]",22,2015,8.0,
"[23, 2015, 08]",23,2015,8.0,
"[24, 2015, 08]",24,2015,8.0,
"[25, 2015, 08]",25,2015,8.0,
"[26, 2015, 08]",26,2015,8.0,
"[27, 2015, 08]",27,2015,8.0,
"[28, 2015, 08]",28,2015,8.0,
"[29, 2015, 08]",29,2015,8.0,
"[30, 2015, 08]",30,2015,8.0,
"[31, 2015, 08]",31,2015,8.0,
"[32, 2015, 08]",32,2015,8.0,
"[33, 2015, 08]",33,2015,8.0,
"[34, 2015, 08]",34,2015,8.0,
"[35, 2015, 08]",35,2015,8.0,
"[36, 2015, 08]",36,2015,8.0,
"[37, 2015, 08]",37,2015,8.0,
"[38, 2015, 08]",38,2015,8.0,
"[39, 2015, 08]",39,2015,8.0,
"[40, 2015, 08]",40,2015,8.0,
"[41, 2015, 08]",41,2015,8.0,
"[42, 2015, 08]",42,2015,8.0,
"[43, 2015, 08]",43,2015,8.0,
"[44, 2015, 08]",44,2015,8.0,
"[45, 2015, 08]",45,2015,8.0,
"[46, 2015, 08]",46,2015,8.0,
"[47, 2015, 08]",47,2015,8.0,
"[48, 2015, 08]",48,2015,8.0,
"[49, 2015, 08]",49,2015,8.0,
"[50, 2015, 08]",50,2015,8.0,
"[51, 2015, 08]",51,2015,8.0,
"[52, 2015, 08]",52,2015,8.0,
"[53, 2015, 08]",53,2015,8.0,
"[54, 2015, 08]",54,2015,8.0,
"[55, 2015, 08]",55,2015,8.0,
"[56, 2015, 08]",56,2015,8.0,
"[57, 2015, 08]",57,2015,8.0,
"[58, 2015, 08]",58,2015,8.0,
"[59, 2015, 08]",59,2015,8.0,
"[60, 2015, 08]",60,2015,8.0,
"[61, 2015, 08]",61,2015,8.0,
"[62, 2015, 08]",62,2015,8.0,
"[63, 2015, 08]",63,2015,8.0,
"[64, 2015, 08]",64,2015,8.0,
"[65, 2015, 08]",65,2015,8.0,
"[66, 2015, 08]",66,2015,8.0,
"[67, 2015, 08]",67,2015,8.0,
"[68, 2015, 08]",68,2015,8.0,
"[69, 2015, 08]",69,2015,8.0,
"[70, 2015, 08]",70,2015,8.0,
"[71, 2015, 08]",71,2015,8.0,
"[72, 2015, 08]",72,2015,8.0,
"[73, 2015, 08]",73,2015,8.0,
"[74, 2015, 08]",74,2015,8.0,
"[75, 2015, 08]",75,2015,8.0,
"[76, 2015, 08]",76,2015,8.0,
"[77, 2015, 08]",77,2015,8.0,
"[78, 2015, 08]",78,2015,8.0,
"[79, 2015, 08]",79,2015,8.0,
"[80, 2015, 08]",80,2015,8.0,
"[81, 2015, 08]",81,2015,8.0,
"[82, 2015, 08]",82,2015,8.0,
"[83, 2015, 08]",83,2015,8.0,
"[84, 2015, 08]",84,2015,8.0,
"[85, 2015, 08]",85,2015,8.0,
"[86, 2015, 08]",86,2015,8.0,
"[87, 2015, 08]",87,2015,8.0,
"[88, 2015, 08]",88,2015,8.0,
"[89, 2015, 08]",89,2015,8.0,
"[90, 2015, 08]",90,2015,8.0,
"[91, 2015, 08]",91,2015,8.0,
"[92, 2015, 08]",92,2015,8.0,
"[93, 2015, 08]",93,2015,8.0,
"[94, 2015, 08]",94,2015,8.0,
"[95, 2015, 08]",95,2015,8.0,
"[96, 2015, 08]",96,2015,8.0,
"[97, 2015, 08]",97,2015,8.0,
"[98, 2015, 08]",98,2015,8.0,
"[99, 2015, 08]",99,2015,8.0,
"[100, 2015, 08]",100,2015,8.0,
"[101, 2015, 08]",101,2015,8.0,
"[102, 2015, 08]",102,2015,8.0,
"[103, 2015, 08]",103,2015,8.0,
"[104, 2015, 08]",104,2015,8.0,
"[105, 2015, 08]",105,2015,8.0,
"[106, 2015, 08]",106,2015,8.0,
"[107, 2015, 08]",107,2015,8.0,
"[108, 2015, 08]",108,2015,8.0,
"[109, 2015, 08]",109,2015,8.0,
"[110, 2015, 08]",110,2015,8.0,
"[111, 2015, 08]",111,2015,8.0,
"[112, 2015, 08]",112,2015,8.0,
"[113, 2015, 08]",113,2015,8.0,
"[114, 2015, 08]",114,2015,8.0,
"[115, 2015, 08]",115,2015,8.0,
"[116, 2015, 08]",116,2015,8.0,
"[117, 2015, 08]",117,2015,8.0,
"[118, 2015, 08]",118,2015,8.0,
"[119, 2015, 08]",119,2015,8.0,
"[120, 2015, 08]",120,2015,8.0,
"[121, 2015, 08]",121,2015,8.0,
"[122, 2015, 08]",122,2015,8.0,
"[123, 2015, 08]",123,2015,8.0,
"[124, 2015, 08]",124,2015,8.0,
"[125, 2015, 08]",125,2015,8.0,
"[126, 2015, 08]",126,2015,8.0,
"[127, 2015, 08]",127,2015,8.0,
"[128, 2015, 08]",128,2015,8.0,
"[129, 2015, 08]",129,2015,8.0,
"[130, 2015, 08]",130,2015,8.0,
"[131, 2015, 08]",131,2015,8.0,
"[132, 2015, 08]",132,2015,8.0,
"[133, 2015, 08]",133,2015,8.0,
"[134, 2015, 08]",134,2015,8.0,
"[135, 2015, 08]",135,2015,8.0,
"[136, 2015, 08]",136,2015,8.0,
"[137, 2015, 08]",137,2015,8.0,
"[138, 2015, 08]",138,2015,8.0,
"[139, 2015, 08]",139,2015,8.0,
"[140, 2015, 08]",140,2015,8.0,
"[141, 2015, 08]",141,2015,8.0,
"[142, 2015, 08]",142,2015,8.0,
"[143, 2015, 08]",143,2015,8.0,
"[1, 2015, 09]",1,2015,9.0,
"[2, 2015, 09]",2,2015,9.0,
"[3, 2015, 09]",3,2015,9.0,
"[4, 2015, 09]",4,2015,9.0,
"[5, 2015, 09]",5,2015,9.0,
"[6, 2015, 09]",6,2015,9.0,
"[7, 2015, 09]",7,2015,9.0,
"[8, 2015, 09]",8,2015,9.0,
"[9, 2015, 09]",9,2015,9.0,
"[10, 2015, 09]",10,2015,9.0,
"[11, 2015, 09]",11,2015,9.0,
"[12, 2015, 09]",12,2015,9.0,
"[13, 2015, 09]",13,2015,9.0,
"[14, 2015, 09]",14,2015,9.0,
"[15, 2015, 09]",15,2015,9.0,
"[16, 2015, 09]",16,2015,9.0,
"[17, 2015, 09]",17,2015,9.0,
"[18, 2015, 09]",18,2015,9.0,
"[19, 2015, 09]",19,2015,9.0,
"[20, 2015, 09]",20,2015,9.0,
"[21, 2015, 09]",21,2015,9.0,
"[22, 2015, 09]",22,2015,9.0,
"[23, 2015, 09]",23,2015,9.0,
"[24, 2015, 09]",24,2015,9.0,
"[25, 2015, 09]",25,2015,9.0,
"[26, 2015, 09]",26,2015,9.0,
"[27, 2015, 09]",27,2015,9.0,
"[28, 2015, 09]",28,2015,9.0,
"[29, 2015, 09]",29,2015,9.0,
"[30, 2015, 09]",30,2015,9.0,
"[31, 2015, 09]",31,2015,9.0,
"[32, 2015, 09]",32,2015,9.0,
"[33, 2015, 09]",33,2015,9.0,
"[34, 2015, 09]",34,2015,9.0,
"[35, 2015, 09]",35,2015,9.0,
"[36, 2015, 09]",36,2015,9.0,
"[37, 2015, 09]",37,2015,9.0,
"[38, 2015, 09]",38,2015,9.0,
"[39, 2015, 09]",39,2015,9.0,
"[40, 2015, 09]",40,2015,9.0,
"[41, 2015, 09]",41,2015,9.0,
"[42, 2015, 09]",42,2015,9.0,
"[43, 2015, 09]",43,2015,9.0,
"[44, 2015, 09]",44,2015,9.0,
"[45, 2015, 09]",45,2015,9.0,
"[46, 2015, 09]",46,2015,9.0,
"[47, 2015, 09]",47,2015,9.0,
"[48, 2015, 09]",48,2015,9.0,
"[49, 2015, 09]",49,2015,9.0,
"[50, 2015, 09]",50,2015,9.0,
"[51, 2015, 09]",51,2015,9.0,
"[52, 2015, 09]",52,2015,9.0,
"[53, 2015, 09]",53,2015,9.0,
"[54, 2015, 09]",54,2015,9.0,
"[55, 2015, 09]",55,2015,9.0,
"[56, 2015, 09]",56,2015,9.0,
"[57, 2015, 09]",57,2015,9.0,
"[58, 2015, 09]",58,2015,9.0,
"[59, 2015, 09]",59,2015,9.0,
"[60, 2015, 09]",60,2015,9.0,
"[61, 2015, 09]",61,2015,9.0,
"[62, 2015, 09]",62,2015,9.0,
"[63, 2015, 09]",63,2015,9.0,
"[64, 2015, 09]",64,2015,9.0,
"[65, 2015, 09]",65,2015,9.0,
"[66, 2015, 09]",66,2015,9.0,
"[67, 2015, 09]",67,2015,9.0,
"[68, 2015, 09]",68,2015,9.0,
"[69, 2015, 09]",69,2015,9.0,
"[70, 2015, 09]",70,2015,9.0,
"[71, 2015, 09]",71,2015,9.0,
"[72, 2015, 09]",72,2015,9.0,
"[73, 2015, 09]",73,2015,9.0,
"[74, 2015, 09]",74,2015,9.0,
"[75, 2015, 09]",75,2015,9.0,
"[76, 2015, 09]",76,2015,9.0,
"[77, 2015, 09]",77,2015,9.0,
"[78, 2015, 09]",78,2015,9.0,
"[79, 2015, 09]",79,2015,9.0,
"[80, 2015, 09]",80,2015,9.0,
"[81, 2015, 09]",81,2015,9.0,
"[82, 2015, 09]",82,2015,9.0,
"[83, 2015, 09]",83,2015,9.0,
"[84, 2015, 09]",84,2015,9.0,
"[85, 2015, 09]",85,2015,9.0,
"[86, 2015, 09]",86,2015,9.0,
"[87, 2015, 09]",87,2015,9.0,
"[88, 2015, 09]",88,2015,9.0,
"[89, 2015, 09]",89,2015,9.0,
"[90, 2015, 09]",90,2015,9.0,
"[91, 2015, 09]",91,2015,9.0,
"[92, 2015, 09]",92,2015,9.0,
"[93, 2015, 09]",93,2015,9.0,
"[94, 2015, 09]",94,2015,9.0,
"[95, 2015, 09]",95,2015,9.0,
"[96, 2015, 09]",96,2015,9.0,
"[97, 2015, 09]",97,2015,9.0,
"[98, 2015, 09]",98,2015,9.0,
"[99, 2015, 09]",99,2015,9.0,
"[100, 2015, 09]",100,2015,9.0,
"[101, 2015, 09]",101,2015,9.0,
"[102, 2015, 09]",102,2015,9.0,
"[103, 2015, 09]",103,2015,9.0,
"[104, 2015, 09]",104,2015,9.0,
"[105, 2015, 09]",105,2015,9.0,
"[106, 2015, 09]",106,2015,9.0,
"[107, 2015, 09]",107,2015,9.0,
"[108, 2015, 09]",108,2015,9.0,
"[109, 2015, 09]",109,2015,9.0,
"[110, 2015, 09]",110,2015,9.0,
"[111, 2015, 09]",111,2015,9.0,
"[112, 2015, 09]",112,2015,9.0,
"[113, 2015, 09]",113,2015,9.0,
"[114, 2015, 09]",114,2015,9.0,
"[115, 2015, 09]",115,2015,9.0,
"[116, 2015, 09]",116,2015,9.0,
"[117, 2015, 09]",117,2015,9.0,
"[118, 2015, 09]",118,2015,9.0,
"[119, 2015, 09]",119,2015,9.0,
"[120, 2015, 09]",120,2015,9.0,
"[121, 2015, 09]",121,2015,9.0,
"[122, 2015, 09]",122,2015,9.0,
"[123, 2015, 09]",123,2015,9.0,
"[124, 2015, 09]",124,2015,9.0,
"[125, 2015, 09]",125,2015,9.0,
"[126, 2015, 09]",126,2015,9.0,
"[127, 2015, 09]",127,2015,9.0,
"[128, 2015, 09]",128,2015,9.0,
"[129, 2015, 09]",129,2015,9.0,
"[130, 2015, 09]",130,2015,9.0,
"[131, 2015, 09]",131,2015,9.0,
"[132, 2015, 09]",132,2015,9.0,
"[133, 2015, 09]",133,2015,9.0,
"[134, 2015, 09]",134,2015,9.0,
"[135, 2015, 09]",135,2015,9.0,
"[136, 2015, 09]",136,2015,9.0,
"[137, 2015, 09]",137,2015,9.0,
"[138, 2015, 09]",138,2015,9.0,
"[139, 2015, 09]",139,2015,9.0,
"[140, 2015, 09]",140,2015,9.0,
"[141, 2015, 09]",141,2015,9.0,
"[142, 2015, 09]",142,2015,9.0,
"[143, 2015, 09]",143,2015,9.0,
"[1, 2015, 10]",1,2015,10.0,
"[2, 2015, 10]",2,2015,10.0,
"[3, 2015, 10]",3,2015,10.0,
"[4, 2015, 10]",4,2015,10.0,
"[5, 2015, 10]",5,2015,10.0,
"[6, 2015, 10]",6,2015,10.0,
"[7, 2015, 10]",7,2015,10.0,
"[8, 2015, 10]",8,2015,10.0,
"[9, 2015, 10]",9,2015,10.0,
"[10, 2015, 10]",10,2015,10.0,
"[11, 2015, 10]",11,2015,10.0,
"[12, 2015, 10]",12,2015,10.0,
"[13, 2015, 10]",13,2015,10.0,
"[14, 2015, 10]",14,2015,10.0,
"[15, 2015, 10]",15,2015,10.0,
"[16, 2015, 10]",16,2015,10.0,
"[17, 2015, 10]",17,2015,10.0,
"[18, 2015, 10]",18,2015,10.0,
"[19, 2015, 10]",19,2015,10.0,
"[20, 2015, 10]",20,2015,10.0,
"[21, 2015, 10]",21,2015,10.0,
"[22, 2015, 10]",22,2015,10.0,
"[23, 2015, 10]",23,2015,10.0,
"[24, 2015, 10]",24,2015,10.0,
"[25, 2015, 10]",25,2015,10.0,
"[26, 2015, 10]",26,2015,10.0,
"[27, 2015, 10]",27,2015,10.0,
"[28, 2015, 10]",28,2015,10.0,
"[29, 2015, 10]",29,2015,10.0,
"[30, 2015, 10]",30,2015,10.0,
"[31, 2015, 10]",31,2015,10.0,
"[32, 2015, 10]",32,2015,10.0,
"[33, 2015, 10]",33,2015,10.0,
"[34, 2015, 10]",34,2015,10.0,
"[35, 2015, 10]",35,2015,10.0,
"[36, 2015, 10]",36,2015,10.0,
"[37, 2015, 10]",37,2015,10.0,
"[38, 2015, 10]",38,2015,10.0,
"[39, 2015, 10]",39,2015,10.0,
"[40, 2015, 10]",40,2015,10.0,
"[41, 2015, 10]",41,2015,10.0,
"[42, 2015, 10]",42,2015,10.0,
"[43, 2015, 10]",43,2015,10.0,
"[44, 2015, 10]",44,2015,10.0,
"[45, 2015, 10]",45,2015,10.0,
"[46, 2015, 10]",46,2015,10.0,
"[47, 2015, 10]",47,2015,10.0,
"[48, 2015, 10]",48,2015,10.0,
"[49, 2015, 10]",49,2015,10.0,
"[50, 2015, 10]",50,2015,10.0,
"[51, 2015, 10]",51,2015,10.0,
"[52, 2015, 10]",52,2015,10.0,
"[53, 2015, 10]",53,2015,10.0,
"[54, 2015, 10]",54,2015,10.0,
"[55, 2015, 10]",55,2015,10.0,
"[56, 2015, 10]",56,2015,10.0,
"[57, 2015, 10]",57,2015,10.0,
"[58, 2015, 10]",58,2015,10.0,
"[59, 2015, 10]",59,2015,10.0,
"[60, 2015, 10]",60,2015,10.0,
"[61, 2015, 10]",61,2015,10.0,
"[62, 2015, 10]",62,2015,10.0,
"[63, 2015, 10]",63,2015,10.0,
"[64, 2015, 10]",64,2015,10.0,
"[65, 2015, 10]",65,2015,10.0,
"[66, 2015, 10]",66,2015,10.0,
"[67, 2015, 10]",67,2015,10.0,
"[68, 2015, 10]",68,2015,10.0,
"[69, 2015, 10]",69,2015,10.0,
"[70, 2015, 10]",70,2015,10.0,
"[71, 2015, 10]",71,2015,10.0,
"[72, 2015, 10]",72,2015,10.0,
"[73, 2015, 10]",73,2015,10.0,
"[74, 2015, 10]",74,2015,10.0,
"[75, 2015, 10]",75,2015,10.0,
"[76, 2015, 10]",76,2015,10.0,
"[77, 2015, 10]",77,2015,10.0,
"[78, 2015, 10]",78,2015,10.0,
"[79, 2015, 10]",79,2015,10.0,
"[80, 2015, 10]",80,2015,10.0,
"[81, 2015, 10]",81,2015,10.0,
"[82, 2015, 10]",82,2015,10.0,
"[83, 2015, 10]",83,2015,10.0,
"[84, 2015, 10]",84,2015,10.0,
"[85, 2015, 10]",85,2015,10.0,
"[86, 2015, 10]",86,2015,10.0,
"[87, 2015, 10]",87,2015,10.0,
"[88, 2015, 10]",88,2015,10.0,
"[89, 2015, 10]",89,2015,10.0,
"[90, 2015, 10]",90,2015,10.0,
"[91, 2015, 10]",91,2015,10.0,
"[92, 2015, 10]",92,2015,10.0,
"[93, 2015, 10]",93,2015,10.0,
"[94, 2015, 10]",94,2015,10.0,
"[95, 2015, 10]",95,2015,10.0,
"[96, 2015, 10]",96,2015,10.0,
"[97, 2015, 10]",97,2015,10.0,
"[98, 2015, 10]",98,2015,10.0,
"[99, 2015, 10]",99,2015,10.0,
"[100, 2015, 10]",100,2015,10.0,
"[101, 2015, 10]",101,2015,10.0,
"[102, 2015, 10]",102,2015,10.0,
"[103, 2015, 10]",103,2015,10.0,
"[104, 2015, 10]",104,2015,10.0,
"[105, 2015, 10]",105,2015,10.0,
"[106, 2015, 10]",106,2015,10.0,
"[107, 2015, 10]",107,2015,10.0,
"[108, 2015, 10]",108,2015,10.0,
"[109, 2015, 10]",109,2015,10.0,
"[110, 2015, 10]",110,2015,10.0,
"[111, 2015, 10]",111,2015,10.0,
"[112, 2015, 10]",112,2015,10.0,
"[113, 2015, 10]",113,2015,10.0,
"[114, 2015, 10]",114,2015,10.0,
"[115, 2015, 10]",115,2015,10.0,
"[116, 2015, 10]",116,2015,10.0,
"[117, 2015, 10]",117,2015,10.0,
"[118, 2015, 10]",118,2015,10.0,
"[119, 2015, 10]",119,2015,10.0,
"[120, 2015, 10]",120,2015,10.0,
"[121, 2015, 10]",121,2015,10.0,
"[122, 2015, 10]",122,2015,10.0,
"[123, 2015, 10]",123,2015,10.0,
"[124, 2015, 10]",124,2015,10.0,
"[125, 2015, 10]",125,2015,10.0,
"[126, 2015, 10]",126,2015,10.0,
"[127, 2015, 10]",127,2015,10.0,
"[128, 2015, 10]",128,2015,10.0,
"[129, 2015, 10]",129,2015,10.0,
"[130, 2015, 10]",130,2015,10.0,
"[131, 2015, 10]",131,2015,10.0,
"[132, 2015, 10]",132,2015,10.0,
"[133, 2015, 10]",133,2015,10.0,
"[134, 2015, 10]",134,2015,10.0,
"[135, 2015, 10]",135,2015,10.0,
"[136, 2015, 10]",136,2015,10.0,
"[137, 2015, 10]",137,2015,10.0,
"[138, 2015, 10]",138,2015,10.0,
"[139, 2015, 10]",139,2015,10.0,
"[140, 2015, 10]",140,2015,10.0,
"[141, 2015, 10]",141,2015,10.0,
"[142, 2015, 10]",142,2015,10.0,
"[143, 2015, 10]",143,2015,10.0,
"[1, 2015, 11]",1,2015,11.0,
"[2, 2015, 11]",2,2015,11.0,
"[3, 2015, 11]",3,2015,11.0,
"[4, 2015, 11]",4,2015,11.0,
"[5, 2015, 11]",5,2015,11.0,
"[6, 2015, 11]",6,2015,11.0,
"[7, 2015, 11]",7,2015,11.0,
"[8, 2015, 11]",8,2015,11.0,
"[9, 2015, 11]",9,2015,11.0,
"[10, 2015, 11]",10,2015,11.0,
"[11, 2015, 11]",11,2015,11.0,
"[12, 2015, 11]",12,2015,11.0,
"[13, 2015, 11]",13,2015,11.0,
"[14, 2015, 11]",14,2015,11.0,
"[15, 2015, 11]",15,2015,11.0,
"[16, 2015, 11]",16,2015,11.0,
"[17, 2015, 11]",17,2015,11.0,
"[18, 2015, 11]",18,2015,11.0,
"[19, 2015, 11]",19,2015,11.0,
"[20, 2015, 11]",20,2015,11.0,
"[21, 2015, 11]",21,2015,11.0,
"[22, 2015, 11]",22,2015,11.0,
"[23, 2015, 11]",23,2015,11.0,
"[24, 2015, 11]",24,2015,11.0,
"[25, 2015, 11]",25,2015,11.0,
"[26, 2015, 11]",26,2015,11.0,
"[27, 2015, 11]",27,2015,11.0,
"[28, 2015, 11]",28,2015,11.0,
"[29, 2015, 11]",29,2015,11.0,
"[30, 2015, 11]",30,2015,11.0,
"[31, 2015, 11]",31,2015,11.0,
"[32, 2015, 11]",32,2015,11.0,
"[33, 2015, 11]",33,2015,11.0,
"[34, 2015, 11]",34,2015,11.0,
"[35, 2015, 11]",35,2015,11.0,
"[36, 2015, 11]",36,2015,11.0,
"[37, 2015, 11]",37,2015,11.0,
"[38, 2015, 11]",38,2015,11.0,
"[39, 2015, 11]",39,2015,11.0,
"[40, 2015, 11]",40,2015,11.0,
"[41, 2015, 11]",41,2015,11.0,
"[42, 2015, 11]",42,2015,11.0,
"[43, 2015, 11]",43,2015,11.0,
"[44, 2015, 11]",44,2015,11.0,
"[45, 2015, 11]",45,2015,11.0,
"[46, 2015, 11]",46,2015,11.0,
"[47, 2015, 11]",47,2015,11.0,
"[48, 2015, 11]",48,2015,11.0,
"[49, 2015, 11]",49,2015,11.0,
"[50, 2015, 11]",50,2015,11.0,
"[51, 2015, 11]",51,2015,11.0,
"[52, 2015, 11]",52,2015,11.0,
"[53, 2015, 11]",53,2015,11.0,
"[54, 2015, 11]",54,2015,11.0,
"[55, 2015, 11]",55,2015,11.0,
"[56, 2015, 11]",56,2015,11.0,
"[57, 2015, 11]",57,2015,11.0,
"[58, 2015, 11]",58,2015,11.0,
"[59, 2015, 11]",59,2015,11.0,
"[60, 2015, 11]",60,2015,11.0,
"[61, 2015, 11]",61,2015,11.0,
"[62, 2015, 11]",62,2015,11.0,
"[63, 2015, 11]",63,2015,11.0,
"[64, 2015, 11]",64,2015,11.0,
"[65, 2015, 11]",65,2015,11.0,
"[66, 2015, 11]",66,2015,11.0,
"[67, 2015, 11]",67,2015,11.0,
"[68, 2015, 11]",68,2015,11.0,
"[69, 2015, 11]",69,2015,11.0,
"[70, 2015, 11]",70,2015,11.0,
"[71, 2015, 11]",71,2015,11.0,
"[72, 2015, 11]",72,2015,11.0,
"[73, 2015, 11]",73,2015,11.0,
"[74, 2015, 11]",74,2015,11.0,
"[75, 2015, 11]",75,2015,11.0,
"[76, 2015, 11]",76,2015,11.0,
"[77, 2015, 11]",77,2015,11.0,
"[78, 2015, 11]",78,2015,11.0,
"[79, 2015, 11]",79,2015,11.0,
"[80, 2015, 11]",80,2015,11.0,
"[81, 2015, 11]",81,2015,11.0,
"[82, 2015, 11]",82,2015,11.0,
"[83, 2015, 11]",83,2015,11.0,
"[84, 2015, 11]",84,2015,11.0,
"[85, 2015, 11]",85,2015,11.0,
"[86, 2015, 11]",86,2015,11.0,
"[87, 2015, 11]",87,2015,11.0,
"[88, 2015, 11]",88,2015,11.0,
"[89, 2015, 11]",89,2015,11.0,
"[90, 2015, 11]",90,2015,11.0,
"[91, 2015, 11]",91,2015,11.0,
"[92, 2015, 11]",92,2015,11.0,
"[93, 2015, 11]",93,2015,11.0,
"[94, 2015, 11]",94,2015,11.0,
"[95, 2015, 11]",95,2015,11.0,
"[96, 2015, 11]",96,2015,11.0,
"[97, 2015, 11]",97,2015,11.0,
"[98, 2015, 11]",98,2015,11.0,
"[99, 2015, 11]",99,2015,11.0,
"[100, 2015, 11]",100,2015,11.0,
"[101, 2015, 11]",101,2015,11.0,
"[102, 2015, 11]",102,2015,11.0,
"[103, 2015, 11]",103,2015,11.0,
"[104, 2015, 11]",104,2015,11.0,
"[105, 2015, 11]",105,2015,11.0,
"[106, 2015, 11]",106,2015,11.0,
"[107, 2015, 11]",107,2015,11.0,
"[108, 2015, 11]",108,2015,11.0,
"[109, 2015, 11]",109,2015,11.0,
"[110, 2015, 11]",110,2015,11.0,
"[111, 2015, 11]",111,2015,11.0,
"[112, 2015, 11]",112,2015,11.0,
"[113, 2015, 11]",113,2015,11.0,
"[114, 2015, 11]",114,2015,11.0,
"[115, 2015, 11]",115,2015,11.0,
"[116, 2015, 11]",116,2015,11.0,
"[117, 2015, 11]",117,2015,11.0,
"[118, 2015, 11]",118,2015,11.0,
"[119, 2015, 11]",119,2015,11.0,
"[120, 2015, 11]",120,2015,11.0,
"[121, 2015, 11]",121,2015,11.0,
"[122, 2015, 11]",122,2015,11.0,
"[123, 2015, 11]",123,2015,11.0,
"[124, 2015, 11]",124,2015,11.0,
"[125, 2015, 11]",125,2015,11.0,
"[126, 2015, 11]",126,2015,11.0,
"[127, 2015, 11]",127,2015,11.0,
"[128, 2015, 11]",128,2015,11.0,
"[129, 2015, 11]",129,2015,11.0,
"[130, 2015, 11]",130,2015,11.0,
"[131, 2015, 11]",131,2015,11.0,
"[132, 2015, 11]",132,2015,11.0,
"[133, 2015, 11]",133,2015,11.0,
"[134, 2015, 11]",134,2015,11.0,
"[135, 2015, 11]",135,2015,11.0,
"[136, 2015, 11]",136,2015,11.0,
"[137, 2015, 11]",137,2015,11.0,
"[138, 2015, 11]",138,2015,11.0,
"[139, 2015, 11]",139,2015,11.0,
"[140, 2015, 11]",140,2015,11.0,
"[141, 2015, 11]",141,2015,11.0,
"[142, 2015, 11]",142,2015,11.0,
"[143, 2015, 11]",143,2015,11.0,
"[1, 2015, 12]",1,2015,12.0,
"[2, 2015, 12]",2,2015,12.0,
"[3, 2015, 12]",3,2015,12.0,
"[4, 2015, 12]",4,2015,12.0,
"[5, 2015, 12]",5,2015,12.0,
"[6, 2015, 12]",6,2015,12.0,
"[7, 2015, 12]",7,2015,12.0,
"[8, 2015, 12]",8,2015,12.0,
"[9, 2015, 12]",9,2015,12.0,
"[10, 2015, 12]",10,2015,12.0,
"[11, 2015, 12]",11,2015,12.0,
"[12, 2015, 12]",12,2015,12.0,
"[13, 2015, 12]",13,2015,12.0,
"[14, 2015, 12]",14,2015,12.0,
"[15, 2015, 12]",15,2015,12.0,
"[16, 2015, 12]",16,2015,12.0,
"[17, 2015, 12]",17,2015,12.0,
"[18, 2015, 12]",18,2015,12.0,
"[19, 2015, 12]",19,2015,12.0,
"[20, 2015, 12]",20,2015,12.0,
"[21, 2015, 12]",21,2015,12.0,
"[22, 2015, 12]",22,2015,12.0,
"[23, 2015, 12]",23,2015,12.0,
"[24, 2015, 12]",24,2015,12.0,
"[25, 2015, 12]",25,2015,12.0,
"[26, 2015, 12]",26,2015,12.0,
"[27, 2015, 12]",27,2015,12.0,
"[28, 2015, 12]",28,2015,12.0,
"[29, 2015, 12]",29,2015,12.0,
"[30, 2015, 12]",30,2015,12.0,
"[31, 2015, 12]",31,2015,12.0,
"[32, 2015, 12]",32,2015,12.0,
"[33, 2015, 12]",33,2015,12.0,
"[34, 2015, 12]",34,2015,12.0,
"[35, 2015, 12]",35,2015,12.0,
"[36, 2015, 12]",36,2015,12.0,
"[37, 2015, 12]",37,2015,12.0,
"[38, 2015, 12]",38,2015,12.0,
"[39, 2015, 12]",39,2015,12.0,
"[40, 2015, 12]",40,2015,12.0,
"[41, 2015, 12]",41,2015,12.0,
"[42, 2015, 12]",42,2015,12.0,
"[43, 2015, 12]",43,2015,12.0,
"[44, 2015, 12]",44,2015,12.0,
"[45, 2015, 12]",45,2015,12.0,
"[46, 2015, 12]",46,2015,12.0,
"[47, 2015, 12]",47,2015,12.0,
"[48, 2015, 12]",48,2015,12.0,
"[49, 2015, 12]",49,2015,12.0,
"[50, 2015, 12]",50,2015,12.0,
"[51, 2015, 12]",51,2015,12.0,
"[52, 2015, 12]",52,2015,12.0,
"[53, 2015, 12]",53,2015,12.0,
"[54, 2015, 12]",54,2015,12.0,
"[55, 2015, 12]",55,2015,12.0,
"[56, 2015, 12]",56,2015,12.0,
"[57, 2015, 12]",57,2015,12.0,
"[58, 2015, 12]",58,2015,12.0,
"[59, 2015, 12]",59,2015,12.0,
"[60, 2015, 12]",60,2015,12.0,
"[61, 2015, 12]",61,2015,12.0,
"[62, 2015, 12]",62,2015,12.0,
"[63, 2015, 12]",63,2015,12.0,
"[64, 2015, 12]",64,2015,12.0,
"[65, 2015, 12]",65,2015,12.0,
"[66, 2015, 12]",66,2015,12.0,
"[67, 2015, 12]",67,2015,12.0,
"[68, 2015, 12]",68,2015,12.0,
"[69, 2015, 12]",69,2015,12.0,
"[70, 2015, 12]",70,2015,12.0,
"[71, 2015, 12]",71,2015,12.0,
"[72, 2015, 12]",72,2015,12.0,
"[73, 2015, 12]",73,2015,12.0,
"[74, 2015, 12]",74,2015,12.0,
"[75, 2015, 12]",75,2015,12.0,
"[76, 2015, 12]",76,2015,12.0,
"[77, 2015, 12]",77,2015,12.0,
"[78, 2015, 12]",78,2015,12.0,
"[79, 2015, 12]",79,2015,12.0,
"[80, 2015, 12]",80,2015,12.0,
"[81, 2015, 12]",81,2015,12.0,
"[82, 2015, 12]",82,2015,12.0,
"[83, 2015, 12]",83,2015,12.0,
"[84, 2015, 12]",84,2015,12.0,
"[85, 2015, 12]",85,2015,12.0,
"[86, 2015, 12]",86,2015,12.0,
"[87, 2015, 12]",87,2015,12.0,
"[88, 2015, 12]",88,2015,12.0,
"[89, 2015, 12]",89,2015,12.0,
"[90, 2015, 12]",90,2015,12.0,
"[91, 2015, 12]",91,2015,12.0,
"[92, 2015, 12]",92,2015,12.0,
"[93, 2015, 12]",93,2015,12.0,
"[94, 2015, 12]",94,2015,12.0,
"[95, 2015, 12]",95,2015,12.0,
"[96, 2015, 12]",96,2015,12.0,
"[97, 2015, 12]",97,2015,12.0,
"[98, 2015, 12]",98,2015,12.0,
"[99, 2015, 12]",99,2015,12.0,
"[100, 2015, 12]",100,2015,12.0,
"[101, 2015, 12]",101,2015,12.0,
"[102, 2015, 12]",102,2015,12.0,
"[103, 2015, 12]",103,2015,12.0,
"[104, 2015, 12]",104,2015,12.0,
"[105, 2015, 12]",105,2015,12.0,
"[106, 2015, 12]",106,2015,12.0,
"[107, 2015, 12]",107,2015,12.0,
"[108, 2015, 12]",108,2015,12.0,
"[109, 2015, 12]",109,2015,12.0,
"[110, 2015, 12]",110,2015,12.0,
"[111, 2015, 12]",111,2015,12.0,
"[112, 2015, 12]",112,2015,12.0,
"[113, 2015, 12]",113,2015,12.0,
"[114, 2015, 12]",114,2015,12.0,
"[115, 2015, 12]",115,2015,12.0,
"[116, 2015, 12]",116,2015,12.0,
"[117, 2015, 12]",117,2015,12.0,
"[118, 2015, 12]",118,2015,12.0,
"[119, 2015, 12]",119,2015,12.0,
"[120, 2015, 12]",120,2015,12.0,
"[121, 2015, 12]",121,2015,12.0,
"[122, 2015, 12]",122,2015,12.0,
"[123, 2015, 12]",123,2015,12.0,
"[124, 2015, 12]",124,2015,12.0,
"[125, 2015, 12]",125,2015,12.0,
"[126, 2015, 12]",126,2015,12.0,
"[127, 2015, 12]",127,2015,12.0,
"[128, 2015, 12]",128,2015,12.0,
"[129, 2015, 12]",129,2015,12.0,
"[130, 2015, 12]",130,2015,12.0,
"[131, 2015, 12]",131,2015,12.0,
"[132, 2015, 12]",132,2015,12.0,
"[133, 2015, 12]",133,2015,12.0,
"[134, 2015, 12]",134,2015,12.0,
"[135, 2015, 12]",135,2015,12.0,
"[136, 2015, 12]",136,2015,12.0,
"[137, 2015, 12]",137,2015,12.0,
"[138, 2015, 12]",138,2015,12.0,
"[139, 2015, 12]",139,2015,12.0,
"[140, 2015, 12]",140,2015,12.0,
"[141, 2015, 12]",141,2015,12.0,
"[142, 2015, 12]",142,2015,12.0,
"[143, 2015, 12]",143,2015,12.0,
